2023001001
61230001
72230001
72200001
62240001
72230002
62240002
72240001
72230003
71220001
72230004
62240003
62230001
71220002
62240004
71210001
72220001
62200001
62200002
72240002
71230001
71210002
62200003
61200001
61220001
61230002
62200004
62200005
72220002
72200002
61210001
72200003
72230005
61230003
62220001
71220003
72200004
71200001
61210002
61240001
62200006
72200005
71200002
71200003
62240005
61230004
72200006
62210001
62210002
61240002
62200007
71210003
72230006
61230005
61230006
62210003
72200007
71240001
71240002
62210004
71230002
62230002
72230007
71220004
62240006
71240003
62220002
62210005
62210006
72230008
61210003
62240007
62200008
61230007
62220003
71230003
62210007
72200008
71230004
61210004
61210005
62220004
62210008
62220005
72230009
61230008
71230005
72230010
61240003
72220003
62220006
71220005
72230011
72230012
61210006
72220004
71200004
72220005
71210004
61210007
71220006